First times:
[40.00925925925926, 152.6554567491332, None, None, None, None, None, 70.91289682539683, 116.95, None,
 148.95909090909092, None, None, None, None, None, None, 101.53030303030303, None, None,
 None, None, None, None, 227.8, None, None, 234.57407407407408, 134.26484487734487,
 151.82766955266956, 274.8636363636364, 182.57132867132867, 172.83333333333334, 209.2429761904762, 126.30925925925926, 87.56640211640212, 136.01980168515206, 104.52575757575758, None, 299.20944444444444, 26.2, 152.8101388888889, 290.6875996062761, 232.64436507936506, 167.35487528344672, 200.08353174603175, 133.26289682539684, 188.6497222222222, 59.25, 214.7693650793651]

Without routes within one aoi:
[40.00925925925926, 152.6554567491332, None, 70.91289682539683, 116.95, 148.95909090909092, 101.53030303030303, None, None, None, 227.8, 234.57407407407408, 134.26484487734487, 151.82766955266956, 274.8636363636364, 182.57132867132867, 172.83333333333334, 209.2429761904762, 126.30925925925926, 87.56640211640212, 136.01980168515206, 104.52575757575758, 299.20944444444444, 26.2, 152.8101388888889, 290.6875996062761, 232.64436507936506, 167.35487528344672, 200.08353174603175, 133.26289682539684, 188.6497222222222, 59.25, 214.7693650793651]
[(1106, 40.00925925925926), (1107, 152.6554567491332), (1109, None), (1113, 70.91289682539683), (1114, 116.95), (1116, 148.95909090909092), (1123, 101.53030303030303), (1124, None), (1126, None), (1128, None), (1130, 227.8), (1133, 234.57407407407408), (1134, 134.26484487734487), (1135, 151.82766955266956), (1136, 274.8636363636364), (1137, 182.57132867132867), (1138, 172.83333333333334), (1139, 209.2429761904762), (1140, 126.30925925925926), (1141, 87.56640211640212), (1142, 136.01980168515206), (1143, 104.52575757575758), (1145, 299.20944444444444), (1146, 26.2), (1147, 152.8101388888889), (1148, 290.6875996062761), (1149, 232.64436507936506), (1150, 167.35487528344672), (1151, 200.08353174603175), (1152, 133.26289682539684), (1153, 188.6497222222222), (1154, 59.25), (1155, 214.7693650793651)]

First 500 routes:
[(1106, 40.00925925925926), (1107, 152.6554567491332), (1109, None), (1113, 70.91289682539683), (1114, 116.95), (1116, 148.95909090909092), (1123, 101.53030303030303), (1124, None), (1126, None), (1128, None), (1130, 227.8), (1133, 234.57407407407408), (1134, 134.26484487734487), (1135, 151.82766955266956), (1136, 274.8636363636364), (1137, 182.57132867132867), (1138, 172.83333333333334), (1139, 209.2429761904762), (1140, 126.30925925925926), (1141, 87.56640211640212), (1142, 136.01980168515206), (1143, 104.52575757575758), (1145, 299.20944444444444), (1146, 26.2), (1147, 152.8101388888889), (1148, 290.6875996062761), (1149, 232.64436507936506), (1150, 167.35487528344672), (1151, 200.08353174603175), (1152, 133.26289682539684), (1153, 188.6497222222222), (1154, 59.25), (1155, 214.7693650793651), (1156, None), (1157, 224.80666666666667), (1158, 86.6969696969697), (1159, 67.78075396825396), (1160, 78.65833333333333), (1161, 228.65028138528137), (1162, 75.82196969696969), (1163, 189.78007936507936), (1164, None), (1165, 120.68290043290042), (1166, 153.44545385170386), (1167, 152.99007936507934), (1168, 94.19047619047619), (1169, 195.19925925925924), (1170, 98.375), (1171, 209.62599206349205), (1172, 201.6664021164021), (1173, 176.19285714285715), (1174, 130.1848151848152), (1175, 143.5285521885522), (1176, 174.17055555555555), (1177, 81.12222222222223), (1178, 244.7220707070707), (1179, 189.13660413660415), (1181, 285.6182879818594), (1182, 284.57916666666665), (1183, 243.39444444444445), (1184, 94.18571428571428), (1185, 150.8461507936508), (1186, 222.5), (1187, 197.0634126984127), (1188, 94.23863636363637), (1190, 321.04285714285714), (1191, 112.75102212602211), (1192, 182.42857142857144), (1194, 203.52662337662338), (1195, 136.2936507936508), (1196, 326.0719576719577), (1197, 97.19579725829725), (1198, 208.04078282828283), (1199, 142.92401875901876), (1200, 126.87892246642247), (1201, 183.97796296296298), (1202, 208.4238095238095), (1203, 323.9211118430684), (1204, None), (1205, 253.2482010582011), (1206, 213.0), (1207, 283.62222222222215), (1208, 110.0), (1209, 152.1909259259259), (1210, 238.99857026143792), (1211, 183.7141666666667), (1212, 32.5), (1213, 301.8287037037037), (1214, 128.45833333333334), (1215, 197.28611111111113), (1216, 318.34469696969694), (1217, 185.7241871091871), (1218, 298.55026455026456), (1220, 349.4555555555555), (1221, 143.61728896103895), (1222, 286.29166666666663), (1223, 204.5777777777778), (1224, 182.73333333333332), (1225, 112.33958333333334), (1226, 168.05307220616913), (1227, 136.02195767195767), (1228, 269.6664021164021), (1229, 121.17981481481483), (1230, 244.66666666666669), (1231, 129.2102453102453), (1232, 402.75), (1233, 108.23708694083695), (1234, 275.68148148148146), (1235, 99.6887103174603), (1236, 283.70416666666665), (1237, 120.05944444444444), (1238, 466.6387900824666), (1239, 107.66254689754687), (1240, 161.57638888888889), (1241, 138.25218253968256), (1242, 277.29242424242426), (1243, 223.25), (1244, 140.3054567491332), (1245, 116.96180555555556), (1246, 319.44472789115645), (1247, 152.43949494949496), (1248, 261.0083333333333), (1249, 128.4582178932179), (1250, 327.7888888888889), (1251, 104.51699134199134), (1252, 327.8569444444444), (1253, 337.89814814814815), (1254, 51.0), (1255, 127.67587662337664), (1256, 346.6222222222222), (1257, 127.3058170995671), (1258, 230.2), (1259, 140.3296536796537), (1260, 268.4861111111111), (1261, 267.6304040404041), (1263, 176.4543650793651), (1264, 103.08333333333333), (1265, 244.36388888888888), (1268, 161.19429292929294), (1269, 66.75), (1270, 252.20833333333334), (1272, 133.50064935064935), (1273, 165.81449494949496), (1275, 219.16998737373737), (1276, 185.24623015873016), (1277, 227.515873015873), (1278, 205.5), (1279, 160.48809523809524), (1280, 146.3888888888889), (1281, 216.07857142857142), (1282, 92.91666666666666), (1283, 165.1020171957672), (1284, 284.75), (1285, 147.31640211640212), (1286, 206.77104377104376), (1287, 241.0107774170274), (1288, 251.41666666666666), (1289, 219.77762626262628), (1290, 175.0), (1291, 77.43116161616162), (1292, 373.0740740740741), (1293, 82.72483164983163), (1294, 250.3), (1295, 105.13722222222222), (1296, 278.1505892255892), (1297, 214.21785714285713), (1298, 118.47212341579989), (1299, 55.72604497354497), (1300, 368.65), (1301, 373.49913419913423), (1302, 130.6326530612245), (1303, 41.211111111111116), (1304, 234.72222222222223), (1305, 207.6215476190476), (1306, 132.3095238095238), (1307, 213.22286470143612), (1308, 191.36363636363637), (1309, 63.037896825396814), (1310, 176.79166666666669), (1311, 102.3706319143819), (1312, 252.3295634920635), (1314, 205.06507936507936), (1315, 140.29816498316498), (1316, 118.1469178969179), (1317, 160.30151515151516), (1318, 200.36363636363637), (1319, 117.65), (1320, 146.0), (1321, 207.33333333333334), (1322, 91.64939874939874), (1323, 109.49290404040403), (1324, 90.0842254967255), (1325, 224.04242424242423), (1326, 192.03597883597882), (1327, 97.08722222222222), (1328, 89.14225589225589), (1329, 80.86791726791726), (1330, 158.55575396825395), (1331, 30.61111111111111), (1332, 271.4939393939394), (1333, 96.14259259259259), (1334, 173.05), (1335, 208.30925925925925), (1336, 220.4469696969697), (1337, 123.25151515151515), (1338, 100.69294856831621), (1339, 144.36818181818182), (1341, 126.15075757575757), (1342, 191.13333333333333), (1343, 275.87198773448773), (1344, 68.66666666666666), (1345, 207.71666666666667), (1347, 176.9047619047619), (1348, None), (1349, 150.91666666666669), (1350, 90.0842254967255), (1351, 132.5648148148148), (1353, 164.86145262145263), (1354, 82.98863636363637), (1355, 144.25277777777777), (1356, 81.16666666666666), (1357, 72.205291005291), (1358, 284.92857142857144), (1359, 158.4423088023088), (1360, 183.9422558922559), (1361, 200.05151515151516), (1362, 192.37585978835978), (1363, 101.48244047619046), (1365, 239.0986111111111), (1367, 203.97642410499554), (1368, 92.56363636363638), (1369, 286.0752111214856), (1370, 187.0), (1371, 247.4), (1372, 194.6969696969697), (1373, 348.656462585034), (1374, 131.57407407407408), (1375, 248.25), (1376, 184.26190476190476), (1377, 151.55925925925925), (1378, 341.2040598290598), (1379, 294.0626984126984), (1380, 62.36363636363637), (1381, 302.49623015873016), (1382, 134.70909090909092), (1383, 216.46678571428572), (1384, 104.33333333333333), (1385, 150.41742424242423), (1386, 180.67558922558922), (1387, 102.48032106782107), (1388, 378.0), (1389, 108.23223905723906), (1390, 118.6219696969697), (1391, 133.55260942760944), (1392, 150.4767871017871), (1393, 166.8340909090909), (1394, 211.56011303511303), (1395, 174.90242784992788), (1396, 101.97678710178711), (1397, 186.33440205627704), (1398, 102.14225589225589), (1399, 88.11322751322751), (1400, 228.41625360750362), (1401, 42.291666666666664), (1402, 258.6015151515151), (1403, 252.17929292929293), (1404, 93.80545674913321), (1405, 201.32558922558923), (1406, 211.17055555555555), (1407, 142.75), (1408, 258.83575757575755), (1410, 275.05328763828766), (1411, 190.0264321789322), (1413, 133.49004329004327), (1415, 87.52083333333333), (1416, 297.3240740740741), (1417, 261.09436507936505), (1418, 193.0), (1419, 235.7774582560297), (1420, 213.20046747234247), (1421, 121.29867424242423), (1422, 159.69444444444446), (1423, 146.81341269841272), (1424, 203.77272727272728), (1425, 236.47532467532469), (1426, 330.95532106782105), (1427, 150.39890572390573), (1428, 257.9), (1429, 165.82592592592593), (1430, 340.73402817770466), (1431, 133.73830447330448), (1432, 149.36363636363637), (1433, 95.77777777777777), (1434, 156.09768518518518), (1435, 115.5), (1436, 333.6682341269841), (3149, 105.68187099011955), (3150, 41.565764978516306), (3151, 73.58548613935325), (3152, 86.53858422750078), (3154, 55.283865819988904), (3155, 53.14903677098779), (3156, 75.7967815462464), (3157, 55.283865819988904), (3158, 30.415556677018635), (3159, 86.01865978441286), (3160, 41.565764978516306), (3162, 61.910834183091715), (3164, 57.62741735628446), (3165, 53.444881308522724), (3166, 41.64771381690005), (3167, 78.16563252818173), (3168, 55.283865819988904), (3169, 86.89629986811681), (3170, 40.36561058493509), (3172, 83.96819932033468), (3174, 77.48460735171261), (3176, 67.79599509526504), (3177, 55.283865819988904), (3180, 44.79030642929041), (3181, 44.78276088239826), (3182, 64.34835977563526), (3185, 55.420988534629956), (3186, 120.28325102751057), (3187, 80.5583691785066), (3188, 96.52050592947135), (3190, 129.29617309849579), (3191, 71.834403888271), (3192, 66.35940482668926), (3193, 52.281221732050696), (3195, 59.561731911369286), (3196, 68.61780546594788), (3197, 55.283865819988904), (3198, 48.66713874722055), (3199, 76.37939309303451), (3200, 42.783818259340705), (3201, 77.02668955036525), (3203, 80.97296210912698), (3204, 42.783818259340705), (3205, 59.561731911369286), (3206, 81.7204494280537), (3207, 69.853059732665), (3208, 89.4875360875853), (3209, 110.87885556413973), (3210, 96.76694481937587), (3211, 69.76194210213282), (3212, 79.74049869994796), (3213, 81.04290989381334), (3214, 53.70640487051778), (3215, 109.92638896427401), (3216, 106.93318052598094), (3217, 74.31636533627743), (3218, 97.17554579981429), (3219, 44.373134170212126), (3220, 119.92935569194341), (3222, 74.31636533627743), (3223, 81.80502767924793), (3224, None), (3226, 104.68210500037507), (3227, 85.00639808122371), (3228, 115.05851847624675), (3230, 122.5882186502766), (3231, 50.25199228243069), (3232, 113.26345377491575), (3233, 47.40643274853801), (3234, 62.05305165260356), (3236, 115.82098908869807), (3237, 57.505121427072446), (3238, 78.11228611509625), (3239, 26.443028024606974), (3240, 101.19144305510785), (3241, 38.36111111111111), (3242, 93.8029292614462), (3243, 71.02906507193133), (3244, 84.29655470749424), (3245, 88.80980731602548), (3246, 72.1394526103698), (3247, 103.20283407943603), (3249, 40.36561058493509), (3250, 94.25232326296567), (3251, 70.63409746027394), (3252, 94.74590368096267), (3253, 51.45214667601191), (3254, 100.28288281806442), (3255, 54.91980486186014), (3256, 99.63923991595628), (3257, 88.77648189538183), (3258, 73.66481684915692), (3259, 112.03906416475934), (3260, 54.68239633466529), (3261, 86.42592674256281), (3262, 143.3433074972394), (3263, 96.43365636489929), (3264, 137.02995047191746), (3265, 65.93028095491833), (3266, 120.7372489398144), (3267, 96.18180935501424), (3268, 111.648517494548), (3269, 92.1239415191522), (3270, 86.62967972188473), (3271, 103.54366091738054), (3272, 190.06055732113103), (3273, 93.98416282930026), (3274, 93.92621740228203), (3275, 65.73111111111112), (3276, 135.44944065842208), (3277, 93.08093532895313), (3278, 117.74486747834548), (3279, 111.72156117913708), (3280, 132.49363716734103), (3281, 146.3683788550372), (3282, 117.15019171376282), (3283, 118.20327124291623), (3284, 100.22854808572578), (3285, 132.2119153996376), (3286, None), (3287, 153.02416374493106), (3288, 96.62633143105944), (3289, 230.760495191419), (3290, 117.23465802431272), (3291, 168.68647185348917), (3292, 77.91169931156438), (3293, 141.71323778721717), (3294, 100.60390367589197), (3295, 92.3614772835504), (3296, 134.69652381885737), (3297, 111.85423716221253), (3298, 109.17883030148039), (3299, 131.24073376805467), (3300, 139.94211440447611), (3301, 66.42411734941302), (3302, 115.29329397671091), (3303, 136.34273364182167), (3304, 77.58080078202012), (3305, 145.085135416431), (3306, 120.26589299603617), (3307, 107.06540957421643), (3308, 102.70487305328442), (3309, 163.62970289473407), (3310, 89.67963016927249), (3311, 131.08830031194583), (3312, 143.76367792592384), (3314, 119.10303997223227), (3315, 117.93806888255304), (3316, 137.6668307695293)]

First 500 with additional time for driving within aoi:
[40.00925925925926, 152.6554567491332, 0, 70.91289682539683, 116.95, 148.95909090909092, 101.53030303030303, 0, 0, 0, 227.8, 234.57407407407408, 134.26484487734487, 173.24585137085137, 274.8636363636364, 266.0713286713287, 172.83333333333334, 265.4869516594517, 126.30925925925926, 142.19920634920635, 136.01980168515206, 104.52575757575758, 529.8351298701299, 40.2, 327.2057016594517, 413.51487233354885, 455.5029629629629, 167.35487528344672, 587.9599867724868, 133.26289682539684, 381.2456216931216, 59.25, 561.7610317460318, 0, 224.80666666666667, 86.6969696969697, 67.78075396825396, 78.65833333333333, 942.06012987013, 75.82196969696969, 245.88007936507935, 0, 120.68290043290042, 728.2864711677212, 297.08597883597884, 294.3722943722944, 530.1435714285715, 165.10227272727275, 347.74451058201055, 201.6664021164021, 407.38875661375664, 196.91208791208794, 179.96101972101974, 278.6479365079365, 81.12222222222223, 531.7085425685425, 310.8678811928812, 418.95836734693876, 284.57916666666665, 376.89444444444445, 94.18571428571428, 304.52750000000003, 222.5, 221.0634126984127, 94.23863636363637, 544.3757936507936, 179.21206108706107, 182.42857142857144, 203.52662337662338, 171.11944444444447, 326.0719576719577, 132.0215909090909, 274.7680555555556, 246.5425372775373, 284.3061951936952, 259.3961447811448, 208.4238095238095, 785.676210448167, 0, 342.706798941799, 213.0, 351.7222222222222, 110.0, 293.3625108225108, 328.33190359477123, 336.60583333333335, 32.5, 301.8287037037037, 128.45833333333334, 350.2634920634921, 486.64469696969695, 383.8200865800866, 354.6502645502646, 869.5465007215007, 225.53547077922076, 342.39166666666665, 251.40357142857147, 182.73333333333332, 127.35386904761906, 188.45307220616914, 175.6404761904762, 325.7664021164021, 160.79833333333335, 244.66666666666669, 168.82876382876384, 402.75, 182.68139911014913, 275.68148148148146, 174.13302248677246, 354.10416666666663, 120.05944444444444, 496.1387900824666, 107.66254689754687, 230.52083333333331, 173.07797619047622, 299.95909090909095, 243.65, 140.3054567491332, 153.39427308802308, 319.44472789115645, 240.55801346801348, 494.94166666666666, 143.4725036075036, 327.7888888888889, 104.51699134199134, 327.8569444444444, 337.89814814814815, 51.0, 202.1201887926888, 346.6222222222222, 142.3201028138528, 230.2, 140.3296536796537, 283.5003968253968, 307.2489225589226, 176.4543650793651, 103.08333333333333, 300.4638888888889, 227.9215656565657, 66.75, 267.22261904761905, 133.50064935064935, 165.81449494949496, 219.16998737373737, 201.24623015873016, 262.34166666666664, 205.5, 160.48809523809524, 146.3888888888889, 428.9186507936508, 92.91666666666666, 165.1020171957672, 284.75, 526.6257094757095, 206.77104377104376, 282.82895923520925, 251.41666666666666, 385.4589754689755, 175.0, 117.04968013468013, 391.0740740740741, 82.72483164983163, 250.3, 105.13722222222222, 363.75058922558924, 625.5281746031746, 232.99593293960942, 90.55183862433861, 368.65, 550.7986050986051, 130.6326530612245, 95.21111111111111, 255.16666666666669, 268.0397294372294, 180.8095238095238, 213.22286470143612, 191.36363636363637, 63.037896825396814, 232.89166666666668, 102.3706319143819, 281.82956349206347, 368.0650793650793, 140.29816498316498, 184.87419062419065, 160.30151515151516, 200.36363636363637, 157.26851851851853, 146.0, 207.33333333333334, 91.64939874939874, 347.20401515151514, 124.91001914751914, 263.66094276094276, 192.03597883597882, 136.70574074074074, 89.14225589225589, 80.86791726791726, 158.55575396825395, 30.61111111111111, 541.4854016354016, 96.14259259259259, 173.05, 208.30925925925925, 220.4469696969697, 212.58484848484846, 100.69294856831621, 284.6419191919192, 126.15075757575757, 191.13333333333333, 342.5992604617605, 68.66666666666666, 207.71666666666667, 176.9047619047619, 0, 162.91666666666669, 90.0842254967255, 199.29208754208753, 179.87573833573833, 149.71590909090912, 597.1107142857143, 81.16666666666666, 87.21957671957672, 535.4285714285714, 195.36049062049062, 183.9422558922559, 200.05151515151516, 227.20165343915343, 176.90062229437228, 254.1128968253968, 282.7036968322683, 92.56363636363638, 352.80248384875836, 187.0, 308.43670033670037, 261.42424242424244, 383.4822562358276, 131.57407407407408, 248.25, 184.26190476190476, 151.55925925925925, 341.2040598290598, 294.0626984126984, 62.36363636363637, 302.49623015873016, 134.70909090909092, 256.0853042328042, 104.33333333333333, 150.41742424242423, 180.67558922558922, 123.89850288600289, 378.0, 143.0580327080327, 118.6219696969697, 154.97079124579125, 150.4767871017871, 265.91443001442997, 411.7419312169312, 548.1052056277057, 101.97678710178711, 439.7277041245791, 102.14225589225589, 122.93902116402117, 263.24204725829725, 42.291666666666664, 656.4563973063973, 415.17929292929296, 197.3054567491332, 213.32558922558923, 277.8978282828283, 142.75, 325.5630303030303, 311.48575517075517, 244.0264321789322, 197.74458874458873, 87.52083333333333, 297.3240740740741, 405.1902645502645, 193.0, 271.23618841475985, 213.20046747234247, 284.2986742424242, 159.69444444444446, 146.81341269841272, 401.93106060606056, 312.5263107263107, 330.95532106782105, 171.81708754208753, 257.9, 202.74410774410774, 407.4613009049774, 183.57838383838384, 149.36363636363637, 150.410582010582, 356.2795033670034, 115.5, 333.6682341269841, 156.70074729498515, 41.565764978516306, 73.58548613935325, 209.66557909574686, 116.84736325411194, 53.14903677098779, 75.7967815462464, 75.80503163136325, 47.258413819875784, 999.0297145893321, 62.08693078989065, 82.43199999446605, 79.14849298880948, 115.00837874264576, 41.64771381690005, 201.2926273964278, 55.283865819988904, 174.54657779531783, 40.36561058493509, 104.48936513170902, 77.48460735171261, 67.79599509526504, 55.283865819988904, 44.79030642929041, 44.78276088239826, 64.34835977563526, 55.420988534629956, 145.80309707507894, 80.5583691785066, 122.04035197703972, 129.29617309849579, 71.834403888271, 66.35940482668926, 72.80238754342504, 59.561731911369286, 68.61780546594788, 75.80503163136325, 110.23063618134358, 96.90055890440885, 99.3838182593407, 96.99528792802984, 80.97296210912698, 42.783818259340705, 59.561731911369286, 102.24161523942804, 69.853059732665, 110.00870189895964, 864.7219442389461, 558.3948239221296, 893.4698682643808, 335.3087459518208, 822.6920753465268, 499.73200637470904, 349.60699134324653, 573.4485385410693, 474.1840436985699, 338.9893990114128, 2268.4907824597562, 425.95892422797954, 679.5924051186514, 728.599947996292, 0, 1124.7012289490829, 101.84925522408085, 1554.4970542436524, 1158.5621607453004, 127.41776731511615, 1129.2687974922753, 47.40643274853801, 80.91971831927023, 740.0522396541668, 57.505121427072446, 98.08088449276084, 43.285885167464116, 229.04218280131926, 74.07063492063492, 683.4766914452578, 256.04401220119473, 879.6585239169707, 212.26125701116578, 91.81264468460677, 1247.4692313035875, 163.49260545318117, 299.4639813767091, 70.63409746027394, 694.4752383821713, 359.2696338466271, 239.0121552848729, 260.1314629756036, 320.45317562826216, 167.18283647236203, 202.79127064430705, 748.5196591442582, 75.20356214603964, 86.42592674256281, 532.3766186015356, 256.51505025422045, 680.0267923454475, 86.45144676629268, 1147.360185350222, 200.9393941382006, 639.1009897642582, 144.69529507887822, 249.39846504203234, 165.5545007389445, 2418.4297194061205, 524.9286448681617, 646.5101695652305, 117.30255484968647, 744.8268734948265, 152.9867304619469, 944.1279080905425, 152.211325368176, 924.8302017959544, 305.97934096056713, 602.5322163955179, 437.85187102855105, 258.9158334535031, 919.5071231641183, 0, 1713.464859077165, 459.6878866521386, 765.886301407721, 1106.693626422347, 525.139766703474, 571.2577109273305, 645.0182410649202, 599.1335011476365, 127.08370684330704, 360.5323928086423, 170.77756744549248, 484.7263547918344, 461.57700328318754, 1211.1093885333548, 66.42411734941302, 317.39787796863675, 1270.7781995874993, 848.0332447764678, 917.8537894998169, 707.1242540458813, 414.88289674483156, 564.2502800079683, 426.6489660531321, 598.051979620951, 499.3556855517929, 1181.8443486346632, 605.9754773417316, 401.6730909385816, 615.6232307042212]
[(1106, 40.00925925925926), (1107, 152.6554567491332), (1109, 0), (1113, 70.91289682539683), (1114, 116.95), (1116, 148.95909090909092), (1123, 101.53030303030303), (1124, 0), (1126, 0), (1128, 0), (1130, 227.8), (1133, 234.57407407407408), (1134, 134.26484487734487), (1135, 173.24585137085137), (1136, 274.8636363636364), (1137, 266.0713286713287), (1138, 172.83333333333334), (1139, 265.4869516594517), (1140, 126.30925925925926), (1141, 142.19920634920635), (1142, 136.01980168515206), (1143, 104.52575757575758), (1145, 529.8351298701299), (1146, 40.2), (1147, 327.2057016594517), (1148, 413.51487233354885), (1149, 455.5029629629629), (1150, 167.35487528344672), (1151, 587.9599867724868), (1152, 133.26289682539684), (1153, 381.2456216931216), (1154, 59.25), (1155, 561.7610317460318), (1156, 0), (1157, 224.80666666666667), (1158, 86.6969696969697), (1159, 67.78075396825396), (1160, 78.65833333333333), (1161, 942.06012987013), (1162, 75.82196969696969), (1163, 245.88007936507935), (1164, 0), (1165, 120.68290043290042), (1166, 728.2864711677212), (1167, 297.08597883597884), (1168, 294.3722943722944), (1169, 530.1435714285715), (1170, 165.10227272727275), (1171, 347.74451058201055), (1172, 201.6664021164021), (1173, 407.38875661375664), (1174, 196.91208791208794), (1175, 179.96101972101974), (1176, 278.6479365079365), (1177, 81.12222222222223), (1178, 531.7085425685425), (1179, 310.8678811928812), (1181, 418.95836734693876), (1182, 284.57916666666665), (1183, 376.89444444444445), (1184, 94.18571428571428), (1185, 304.52750000000003), (1186, 222.5), (1187, 221.0634126984127), (1188, 94.23863636363637), (1190, 544.3757936507936), (1191, 179.21206108706107), (1192, 182.42857142857144), (1194, 203.52662337662338), (1195, 171.11944444444447), (1196, 326.0719576719577), (1197, 132.0215909090909), (1198, 274.7680555555556), (1199, 246.5425372775373), (1200, 284.3061951936952), (1201, 259.3961447811448), (1202, 208.4238095238095), (1203, 785.676210448167), (1204, 0), (1205, 342.706798941799), (1206, 213.0), (1207, 351.7222222222222), (1208, 110.0), (1209, 293.3625108225108), (1210, 328.33190359477123), (1211, 336.60583333333335), (1212, 32.5), (1213, 301.8287037037037), (1214, 128.45833333333334), (1215, 350.2634920634921), (1216, 486.64469696969695), (1217, 383.8200865800866), (1218, 354.6502645502646), (1220, 869.5465007215007), (1221, 225.53547077922076), (1222, 342.39166666666665), (1223, 251.40357142857147), (1224, 182.73333333333332), (1225, 127.35386904761906), (1226, 188.45307220616914), (1227, 175.6404761904762), (1228, 325.7664021164021), (1229, 160.79833333333335), (1230, 244.66666666666669), (1231, 168.82876382876384), (1232, 402.75), (1233, 182.68139911014913), (1234, 275.68148148148146), (1235, 174.13302248677246), (1236, 354.10416666666663), (1237, 120.05944444444444), (1238, 496.1387900824666), (1239, 107.66254689754687), (1240, 230.52083333333331), (1241, 173.07797619047622), (1242, 299.95909090909095), (1243, 243.65), (1244, 140.3054567491332), (1245, 153.39427308802308), (1246, 319.44472789115645), (1247, 240.55801346801348), (1248, 494.94166666666666), (1249, 143.4725036075036), (1250, 327.7888888888889), (1251, 104.51699134199134), (1252, 327.8569444444444), (1253, 337.89814814814815), (1254, 51.0), (1255, 202.1201887926888), (1256, 346.6222222222222), (1257, 142.3201028138528), (1258, 230.2), (1259, 140.3296536796537), (1260, 283.5003968253968), (1261, 307.2489225589226), (1263, 176.4543650793651), (1264, 103.08333333333333), (1265, 300.4638888888889), (1268, 227.9215656565657), (1269, 66.75), (1270, 267.22261904761905), (1272, 133.50064935064935), (1273, 165.81449494949496), (1275, 219.16998737373737), (1276, 201.24623015873016), (1277, 262.34166666666664), (1278, 205.5), (1279, 160.48809523809524), (1280, 146.3888888888889), (1281, 428.9186507936508), (1282, 92.91666666666666), (1283, 165.1020171957672), (1284, 284.75), (1285, 526.6257094757095), (1286, 206.77104377104376), (1287, 282.82895923520925), (1288, 251.41666666666666), (1289, 385.4589754689755), (1290, 175.0), (1291, 117.04968013468013), (1292, 391.0740740740741), (1293, 82.72483164983163), (1294, 250.3), (1295, 105.13722222222222), (1296, 363.75058922558924), (1297, 625.5281746031746), (1298, 232.99593293960942), (1299, 90.55183862433861), (1300, 368.65), (1301, 550.7986050986051), (1302, 130.6326530612245), (1303, 95.21111111111111), (1304, 255.16666666666669), (1305, 268.0397294372294), (1306, 180.8095238095238), (1307, 213.22286470143612), (1308, 191.36363636363637), (1309, 63.037896825396814), (1310, 232.89166666666668), (1311, 102.3706319143819), (1312, 281.82956349206347), (1314, 368.0650793650793), (1315, 140.29816498316498), (1316, 184.87419062419065), (1317, 160.30151515151516), (1318, 200.36363636363637), (1319, 157.26851851851853), (1320, 146.0), (1321, 207.33333333333334), (1322, 91.64939874939874), (1323, 347.20401515151514), (1324, 124.91001914751914), (1325, 263.66094276094276), (1326, 192.03597883597882), (1327, 136.70574074074074), (1328, 89.14225589225589), (1329, 80.86791726791726), (1330, 158.55575396825395), (1331, 30.61111111111111), (1332, 541.4854016354016), (1333, 96.14259259259259), (1334, 173.05), (1335, 208.30925925925925), (1336, 220.4469696969697), (1337, 212.58484848484846), (1338, 100.69294856831621), (1339, 284.6419191919192), (1341, 126.15075757575757), (1342, 191.13333333333333), (1343, 342.5992604617605), (1344, 68.66666666666666), (1345, 207.71666666666667), (1347, 176.9047619047619), (1348, 0), (1349, 162.91666666666669), (1350, 90.0842254967255), (1351, 199.29208754208753), (1353, 179.87573833573833), (1354, 149.71590909090912), (1355, 597.1107142857143), (1356, 81.16666666666666), (1357, 87.21957671957672), (1358, 535.4285714285714), (1359, 195.36049062049062), (1360, 183.9422558922559), (1361, 200.05151515151516), (1362, 227.20165343915343), (1363, 176.90062229437228), (1365, 254.1128968253968), (1367, 282.7036968322683), (1368, 92.56363636363638), (1369, 352.80248384875836), (1370, 187.0), (1371, 308.43670033670037), (1372, 261.42424242424244), (1373, 383.4822562358276), (1374, 131.57407407407408), (1375, 248.25), (1376, 184.26190476190476), (1377, 151.55925925925925), (1378, 341.2040598290598), (1379, 294.0626984126984), (1380, 62.36363636363637), (1381, 302.49623015873016), (1382, 134.70909090909092), (1383, 256.0853042328042), (1384, 104.33333333333333), (1385, 150.41742424242423), (1386, 180.67558922558922), (1387, 123.89850288600289), (1388, 378.0), (1389, 143.0580327080327), (1390, 118.6219696969697), (1391, 154.97079124579125), (1392, 150.4767871017871), (1393, 265.91443001442997), (1394, 411.7419312169312), (1395, 548.1052056277057), (1396, 101.97678710178711), (1397, 439.7277041245791), (1398, 102.14225589225589), (1399, 122.93902116402117), (1400, 263.24204725829725), (1401, 42.291666666666664), (1402, 656.4563973063973), (1403, 415.17929292929296), (1404, 197.3054567491332), (1405, 213.32558922558923), (1406, 277.8978282828283), (1407, 142.75), (1408, 325.5630303030303), (1410, 311.48575517075517), (1411, 244.0264321789322), (1413, 197.74458874458873), (1415, 87.52083333333333), (1416, 297.3240740740741), (1417, 405.1902645502645), (1418, 193.0), (1419, 271.23618841475985), (1420, 213.20046747234247), (1421, 284.2986742424242), (1422, 159.69444444444446), (1423, 146.81341269841272), (1424, 401.93106060606056), (1425, 312.5263107263107), (1426, 330.95532106782105), (1427, 171.81708754208753), (1428, 257.9), (1429, 202.74410774410774), (1430, 407.4613009049774), (1431, 183.57838383838384), (1432, 149.36363636363637), (1433, 150.410582010582), (1434, 356.2795033670034), (1435, 115.5), (1436, 333.6682341269841), (3149, 156.70074729498515), (3150, 41.565764978516306), (3151, 73.58548613935325), (3152, 209.66557909574686), (3154, 116.84736325411194), (3155, 53.14903677098779), (3156, 75.7967815462464), (3157, 75.80503163136325), (3158, 47.258413819875784), (3159, 999.0297145893321), (3160, 62.08693078989065), (3162, 82.43199999446605), (3164, 79.14849298880948), (3165, 115.00837874264576), (3166, 41.64771381690005), (3167, 201.2926273964278), (3168, 55.283865819988904), (3169, 174.54657779531783), (3170, 40.36561058493509), (3172, 104.48936513170902), (3174, 77.48460735171261), (3176, 67.79599509526504), (3177, 55.283865819988904), (3180, 44.79030642929041), (3181, 44.78276088239826), (3182, 64.34835977563526), (3185, 55.420988534629956), (3186, 145.80309707507894), (3187, 80.5583691785066), (3188, 122.04035197703972), (3190, 129.29617309849579), (3191, 71.834403888271), (3192, 66.35940482668926), (3193, 72.80238754342504), (3195, 59.561731911369286), (3196, 68.61780546594788), (3197, 75.80503163136325), (3198, 110.23063618134358), (3199, 96.90055890440885), (3200, 99.3838182593407), (3201, 96.99528792802984), (3203, 80.97296210912698), (3204, 42.783818259340705), (3205, 59.561731911369286), (3206, 102.24161523942804), (3207, 69.853059732665), (3208, 110.00870189895964), (3209, 864.7219442389461), (3210, 558.3948239221296), (3211, 893.4698682643808), (3212, 335.3087459518208), (3213, 822.6920753465268), (3214, 499.73200637470904), (3215, 349.60699134324653), (3216, 573.4485385410693), (3217, 474.1840436985699), (3218, 338.9893990114128), (3219, 2268.4907824597562), (3220, 425.95892422797954), (3222, 679.5924051186514), (3223, 728.599947996292), (3224, 0), (3226, 1124.7012289490829), (3227, 101.84925522408085), (3228, 1554.4970542436524), (3230, 1158.5621607453004), (3231, 127.41776731511615), (3232, 1129.2687974922753), (3233, 47.40643274853801), (3234, 80.91971831927023), (3236, 740.0522396541668), (3237, 57.505121427072446), (3238, 98.08088449276084), (3239, 43.285885167464116), (3240, 229.04218280131926), (3241, 74.07063492063492), (3242, 683.4766914452578), (3243, 256.04401220119473), (3244, 879.6585239169707), (3245, 212.26125701116578), (3246, 91.81264468460677), (3247, 1247.4692313035875), (3249, 163.49260545318117), (3250, 299.4639813767091), (3251, 70.63409746027394), (3252, 694.4752383821713), (3253, 359.2696338466271), (3254, 239.0121552848729), (3255, 260.1314629756036), (3256, 320.45317562826216), (3257, 167.18283647236203), (3258, 202.79127064430705), (3259, 748.5196591442582), (3260, 75.20356214603964), (3261, 86.42592674256281), (3262, 532.3766186015356), (3263, 256.51505025422045), (3264, 680.0267923454475), (3265, 86.45144676629268), (3266, 1147.360185350222), (3267, 200.9393941382006), (3268, 639.1009897642582), (3269, 144.69529507887822), (3270, 249.39846504203234), (3271, 165.5545007389445), (3272, 2418.4297194061205), (3273, 524.9286448681617), (3274, 646.5101695652305), (3275, 117.30255484968647), (3276, 744.8268734948265), (3277, 152.9867304619469), (3278, 944.1279080905425), (3279, 152.211325368176), (3280, 924.8302017959544), (3281, 305.97934096056713), (3282, 602.5322163955179), (3283, 437.85187102855105), (3284, 258.9158334535031), (3285, 919.5071231641183), (3286, 0), (3287, 1713.464859077165), (3288, 459.6878866521386), (3289, 765.886301407721), (3290, 1106.693626422347), (3291, 525.139766703474), (3292, 571.2577109273305), (3293, 645.0182410649202), (3294, 599.1335011476365), (3295, 127.08370684330704), (3296, 360.5323928086423), (3297, 170.77756744549248), (3298, 484.7263547918344), (3299, 461.57700328318754), (3300, 1211.1093885333548), (3301, 66.42411734941302), (3302, 317.39787796863675), (3303, 1270.7781995874993), (3304, 848.0332447764678), (3305, 917.8537894998169), (3306, 707.1242540458813), (3307, 414.88289674483156), (3308, 564.2502800079683), (3309, 426.6489660531321), (3310, 598.051979620951), (3311, 499.3556855517929), (3312, 1181.8443486346632), (3314, 605.9754773417316), (3315, 401.6730909385816), (3316, 615.6232307042212)]



